> powerstat -d 60 -c -H 1 480
> tlp (defaults)
> throttled
> connected to WiFi (systemd-networkd)
> brightnessctl set 20%
> no window manager (vconsole)

Running for 480.0 seconds (480 samples at 1.0 second intervals).
Power measurements will start in 30 seconds time.

20:47:13   0.0   0.0   0.0 100.0   0.0    1     55     30    0    0    0   6.21 
20:47:14   0.0   0.0   0.0 100.0   0.0    1    110     83    0    0    0   6.21 
20:47:15   0.0   0.0   0.0 100.0   0.0    1     60     35    0    0    0   6.21 
20:47:16   0.0   0.0   0.1  99.9   0.0    1     97     81    0    0    0   6.21 
20:47:17   0.0   0.0   0.0 100.0   0.0    1     78     50    0    0    0   6.40 
20:47:18   0.0   0.0   0.0 100.0   0.0    1    102     79    0    0    0   6.40 
20:47:19   0.0   0.0   0.0 100.0   0.0    1     48     38    0    0    0   6.19 
20:47:20   0.0   0.0   0.1  99.9   0.0    1    100     85    0    0    0   6.19 
20:47:21   0.0   0.0   0.0 100.0   0.0    1     60     39    0    0    0   6.22 
20:47:22   0.0   0.0   0.1  99.9   0.0    1    110     77    0    0    0   6.22 
20:47:23   0.0   0.0   0.0 100.0   0.0    1     66     39    0    0    0   6.18 
20:47:24   0.0   0.0   0.1  99.9   0.0    1     94     84    0    0    0   6.18 
20:47:25   0.0   0.0   0.0 100.0   0.0    1     50     36    0    0    0   6.42 
20:47:26   0.0   0.0   0.1  99.9   0.0    1    111     81    0    0    0   6.42 
20:47:27   0.0   0.0   0.0 100.0   0.0    1     60     36    0    0    0   6.28 
20:47:28   0.0   0.0   0.1  99.9   0.0    1    103     98    0    0    0   6.28 
20:47:29   0.0   0.0   0.0 100.0   0.0    1     62     37    0    0    0   6.26 
20:47:30   0.0   0.0   0.1  99.9   0.0    1    122     80    0    0    0   6.26 
20:47:31   0.0   0.0   0.0 100.0   0.0    1     60     38    0    0    0   6.49 
20:47:32   0.0   0.0   0.1  99.9   0.0    1     96     85    0    0    0   6.49 
20:47:33   0.0   0.0   0.0 100.0   0.0    1     66     36    0    0    0   6.40 
20:47:34   0.0   0.0   0.0 100.0   0.0    1    110     80    0    0    0   6.40 
20:47:35   0.0   0.0   0.0 100.0   0.0    1     76     42    0    0    0   6.23 
20:47:36   0.0   0.0   0.1  99.9   0.0    1     95     80    0    0    0   6.23 
20:47:37   0.0   0.0   0.0 100.0   0.0    1     58     32    0    0    0   6.19 
20:47:38   0.0   0.0   0.2  99.8   0.1    1    306    147    0    0    0   6.19 
20:47:39   0.0   0.0   0.0 100.0   0.0    1     60     42    0    0    0   6.32 
20:47:40   0.0   0.0   0.0 100.0   0.0    1     97     87    0    0    0   6.32 
20:47:41   0.0   0.0   0.1  99.9   0.0    1     71     46    0    0    0   6.09 
20:47:42   0.0   0.0   0.0 100.0   0.0    1    117     90    0    0    0   6.09 
20:47:43   0.0   0.0   0.0 100.0   0.0    1     70     44    0    0    0   4.05 
20:47:44   0.0   0.0   0.1  99.9   0.0    1     95     90    0    0    0   4.05 
20:47:45   0.0   0.0   0.0 100.0   0.0    1     75     45    0    0    0   4.08 
20:47:46   0.0   0.0   0.1  99.9   0.0    1    119     90    0    0    0   4.08 
20:47:47   0.0   0.0   0.0 100.0   0.0    1     57     38    0    0    0   4.37 
20:47:48   0.0   0.0   0.1  99.9   0.0    1     94     95    0    0    0   4.37 
20:47:49   0.0   0.0   0.0 100.0   0.0    1     67     42    0    0    0   4.26 
20:47:50   0.0   0.0   0.0 100.0   0.0    1    104     73    0    0    0   4.26 
20:47:51   0.0   0.0   0.0 100.0   0.0    1     54     35    0    0    0   4.51 
20:47:52   0.0   0.0   0.2  99.8   0.1    1    174    130    2    0    2   4.51 
20:47:53   0.0   0.0   0.0 100.0   0.0    1     58     51    0    0    0   4.96 
20:47:54   0.0   0.0   0.0 100.0   0.0    1     99     77    0    0    0   4.96 
20:47:55   0.0   0.0   0.0 100.0   0.0    1     54     40    0    0    0   4.14 
20:47:56   0.0   0.0   0.0 100.0   0.0    1     84     82    0    0    0   4.14 
20:47:57   0.0   0.0   0.0 100.0   0.0    1     50     38    0    0    0   4.06 
20:47:58   0.0   0.0   0.1  99.9   0.0    1     98     81    0    0    0   4.06 
20:47:59   0.0   0.0   0.0 100.0   0.0    1     54     37    0    0    0   4.01 
20:48:00   0.0   0.0   0.1  99.9   0.0    1     82     83    0    0    0   4.01 
20:48:01   0.0   0.0   0.0 100.0   0.0    1     50     37    0    0    0   3.98 
20:48:02   0.0   0.0   1.3  98.7   0.0    1  39213    519    0    0   22   3.98 
20:48:03   0.0   0.0   0.0 100.0   0.0    1     53     53    0    0    0   4.18 
20:48:04   0.1   0.0   0.1  99.9   0.0    1     80     81    0    0    0   4.18 
20:48:05   0.0   0.0   0.0 100.0   0.0    1     46     33    0    0    0   4.12 
20:48:06   0.0   0.0   0.1  99.9   0.0    1     97     86    0    0    0   4.12 
20:48:07   0.0   0.0   0.0 100.0   0.0    1     47     39    0    0    0   4.00 
20:48:08   0.0   0.0   0.1  99.9   0.0    1     83     90    0    0    0   4.00 
20:48:09   0.0   0.0   0.0  99.9   0.1    1     70     57    0    0    0   4.18 
20:48:10   0.0   0.0   0.1  99.9   0.0    1     92     79    0    0    0   4.18 
20:48:11   0.0   0.0   0.0 100.0   0.0    1     49     40    0    0    0   4.17 
20:48:12   0.0   0.0   0.1  99.9   0.0    1    105     99    1    0    0   4.17 
20:48:13   0.0   0.0   0.0 100.0   0.0    1     50     43    0    0    0   4.05 
20:48:14   0.0   0.0   0.1  99.9   0.0    1    101     77    0    0    0   4.05 
20:48:15   0.0   0.0   0.0 100.0   0.0    1     59     39    0    0    0   3.98 
20:48:16   0.0   0.0   0.1  99.9   0.0    1     96     80    0    0    0   3.98 
20:48:17   0.0   0.0   0.0 100.0   0.0    1     57     38    0    0    0   4.09 
20:48:18   0.0   0.0   0.1  99.9   0.0    1    108     82    0    0    0   4.09 
20:48:19   0.0   0.0   0.0 100.0   0.0    1     59     39    0    0    0   4.01 
20:48:20   0.0   0.0   0.1  99.9   0.0    1     92     88    0    0    0   4.01 
20:48:21   0.0   0.0   0.0 100.0   0.0    1     55     32    0    0    0   4.25 
20:48:22   0.0   0.0   0.1  99.9   0.0    1    106     79    0    0    0   4.25 
20:48:23   0.0   0.0   0.0 100.0   0.0    1     61     40    0    0    0   3.97 
20:48:24   0.0   0.0   0.1  99.9   0.0    1     96     90    0    0    0   3.97 
20:48:25   0.0   0.0   0.0 100.0   0.0    1     57     38    0    0    0   4.19 
  Time    User  Nice   Sys  Idle    IO  Run Ctxt/s  IRQ/s Fork Exec Exit  Watts
20:48:26   0.0   0.0   0.1  99.9   0.0    1     98     76    0    0    0   4.19 
20:48:27   0.0   0.0   0.0 100.0   0.0    1     60     40    0    0    0   3.96 
20:48:28   0.1   0.0   0.1  99.8   0.0    1    104    111    0    0    0   3.96 
20:48:29   0.0   0.0   0.0 100.0   0.0    1     58     38    0    0    0   3.99 
20:48:30   0.0   0.0   0.0 100.0   0.0    1    107     84    0    0    0   3.99 
20:48:31   0.0   0.0   0.0 100.0   0.0    1     62     42    0    0    0   4.00 
20:48:32   0.0   0.0   0.1  99.9   0.0    1     95     79    0    0    0   4.00 
20:48:33   0.0   0.0   0.0 100.0   0.0    1     62     45    0    0    0   4.14 
20:48:34   0.0   0.0   0.1  99.9   0.0    1    105     73    0    0    0   4.14 
20:48:35   0.0   0.0   0.0 100.0   0.0    1     60     39    0    0    0   4.07 
20:48:36   0.0   0.0   0.1  99.9   0.0    1     89     83    0    0    0   4.07 
20:48:37   0.0   0.0   0.0 100.0   0.0    1     58     33    0    0    0   4.10 
20:48:38   0.0   0.0   0.1  99.9   0.0    1    105     76    0    0    0   4.10 
20:48:39   0.0   0.0   0.0 100.0   0.0    1     53     39    0    0    0   4.23 
20:48:40   0.0   0.0   0.1  99.9   0.0    1    100     86    0    0    0   4.23 
20:48:41   0.0   0.0   0.0 100.0   0.0    1     55     38    0    0    0   4.04 
20:48:42   0.1   0.0   0.0  99.9   0.0    1    106     78    0    0    0   4.04 
20:48:43   0.0   0.0   0.0 100.0   0.0    1     67     47    0    0    0   3.99 
20:48:44   0.0   0.0   0.1  99.9   0.0    1     96     90    0    0    0   3.99 
20:48:45   0.0   0.0   0.0 100.0   0.0    1     53     37    0    0    0   3.94 
20:48:46   0.0   0.0   0.1  99.9   0.0    1    103     77    0    0    0   3.94 
20:48:47   0.0   0.0   0.0 100.0   0.0    1     58     36    0    0    0   4.28 
20:48:48   0.0   0.0   0.1  99.9   0.0    1    109     93    0    0    0   4.28 
20:48:49   0.0   0.0   0.0 100.0   0.0    1     56     38    0    0    0   4.13 
20:48:50   0.0   0.0   0.0 100.0   0.0    1    105     76    0    0    0   4.13 
20:48:51   0.0   0.0   0.1  99.9   0.0    1     53     37    0    0    0   4.11 
20:48:52   0.0   0.0   0.7  99.3   0.0    1  21706    137    0    0    0   4.11 
20:48:53   0.0   0.0   0.0 100.0   0.0    1     76     44    0    0    0   3.99 
20:48:54   0.0   0.0   0.1  99.9   0.0    1    109     77    0    0    0   3.99 
20:48:55   0.0   0.0   0.0 100.0   0.0    1     62     39    0    0    0   4.05 
20:48:56   0.0   0.0   0.0 100.0   0.0    1     96     85    0    0    0   4.05 
20:48:57   0.0   0.0   0.0 100.0   0.0    1     62     39    0    0    0   4.22 
20:48:58   0.0   0.0   0.1  99.9   0.0    1    108     77    0    0    0   4.22 
20:48:59   0.0   0.0   0.0 100.0   0.0    1     60     39    0    0    0   4.00 
20:49:00   0.0   0.0   0.1  99.9   0.0    1     98     83    0    0    0   4.00 
20:49:01   0.0   0.0   0.0 100.0   0.0    1     58     37    0    0    0   3.99 
20:49:02   0.0   0.0   0.1  99.9   0.0    1    130     98    0    0    0   3.99 
20:49:03   0.0   0.0   0.0 100.0   0.0    1     66     41    0    0    0   4.21 
20:49:04   0.0   0.0   0.1  99.9   0.0    1    102     97    0    0    0   4.21 
20:49:05   0.0   0.0   0.0 100.0   0.0    1     68     45    0    0    0   4.28 
20:49:06   0.0   0.0   0.1  99.9   0.0    1    112     83    0    0    0   4.28 
20:49:07   0.0   0.0   0.0 100.0   0.0    1     68     46    0    0    0   4.03 
20:49:08   0.0   0.0   0.1  99.9   0.0    1    100     86    0    0    0   4.03 
20:49:09   0.0   0.0   0.0 100.0   0.0    1     68     46    0    0    0   4.12 
20:49:10   0.0   0.0   0.1  99.9   0.0    1    114     75    0    0    0   4.12 
20:49:11   0.0   0.0   0.0 100.0   0.0    1     62     42    0    0    0   4.14 
20:49:12   0.0   0.0   0.1  99.9   0.0    1     92     75    0    0    0   4.14 
20:49:13   0.0   0.0   0.0 100.0   0.0    1     62     39    0    0    0   4.13 
20:49:14   0.0   0.0   0.1  99.9   0.0    1    108     82    0    0    0   4.13 
20:49:15   0.0   0.0   0.0 100.0   0.0    1     56     37    0    0    0   4.01 
20:49:16   0.0   0.0   0.1  99.9   0.0    1     94     83    0    0    0   4.01 
20:49:17   0.0   0.0   0.0 100.0   0.0    1     58     35    0    0    0   4.05 
20:49:18   0.0   0.0   0.1  99.9   0.0    1    110     81    0    0    0   4.05 
20:49:19   0.0   0.0   0.0 100.0   0.0    1     60     39    0    0    0   4.17 
20:49:20   0.0   0.0   0.1  99.9   0.0    1     96     76    0    0    0   4.17 
20:49:21   0.0   0.0   0.0 100.0   0.0    1     58     38    0    0    0   4.16 
20:49:22   0.0   0.0   0.1  99.9   0.0    1    108     79    0    0    0   4.16 
20:49:23   0.0   0.0   0.0 100.0   0.0    1     62     39    0    0    0   4.00 
20:49:24   0.0   0.0   0.1  99.9   0.0    1     96     82    0    0    0   4.00 
20:49:25   0.0   0.0   0.0 100.0   0.0    1     72     43    0    0    0   4.17 
20:49:26   0.0   0.0   0.1  99.9   0.0    1    108     78    0    0    0   4.17 
20:49:27   0.0   0.0   0.0 100.0   0.0    1     54     38    0    0    0   4.00 
20:49:28   0.0   0.0   0.0 100.0   0.0    1    107    113    0    0    0   4.00 
20:49:29   0.0   0.0   0.0 100.0   0.0    1     56     37    0    0    0   4.10 
20:49:30   0.0   0.0   0.1  99.9   0.0    1    116     81    0    0    0   4.10 
20:49:31   0.0   0.0   0.0 100.0   0.0    1     50     42    0    0    0   4.32 
20:49:32   0.0   0.0   0.0 100.0   0.0    1     82     82    0    0    0   4.32 
20:49:33   0.0   0.0   0.0 100.0   0.0    1     60     46    0    0    0   4.10 
20:49:34   0.0   0.0   0.1  99.9   0.1    1    146    116    0    0    0   4.10 
20:49:35   0.0   0.0   0.0 100.0   0.0    1     66     45    0    0    0   4.28 
20:49:36   0.0   0.0   0.1  99.9   0.0    1     98     97    0    0    0   4.28 
20:49:37   0.0   0.0   0.0 100.0   0.0    1     56     38    0    0    0   4.09 
20:49:38   0.0   0.0   0.0 100.0   0.0    1    108     76    0    0    0   4.09 
  Time    User  Nice   Sys  Idle    IO  Run Ctxt/s  IRQ/s Fork Exec Exit  Watts
20:49:39   0.0   0.0   0.0 100.0   0.0    1     60     40    0    0    0   4.04 
20:49:40   0.0   0.0   0.1  99.9   0.0    1     93     89    0    0    0   4.04 
20:49:41   0.0   0.0   0.6  99.4   0.0    1  18319     76    0    0    0   5.35 
20:49:42   0.0   0.0   0.1  99.9   0.0    1    107     75    0    0    0   5.35 
20:49:43   0.0   0.0   0.0 100.0   0.0    1     66     40    0    0    0   3.99 
20:49:44   0.0   0.0   0.1  99.9   0.0    1     96     94    0    0    0   3.99 
20:49:45   0.0   0.0   0.0 100.0   0.0    1     58     38    0    0    0   3.99 
20:49:46   0.0   0.0   0.0 100.0   0.0    1    126     82    0    0    0   3.99 
20:49:47   0.0   0.0   0.0 100.0   0.0    1     60     38    0    0    0   4.12 
20:49:48   0.0   0.0   0.1  99.9   0.0    1     95     84    0    0    0   4.12 
20:49:49   0.0   0.0   0.0 100.0   0.0    1     58     37    0    0    0   4.14 
20:49:50   0.0   0.0   0.1  99.9   0.0    1    106     83    0    0    0   4.14 
20:49:51   0.0   0.0   0.0 100.0   0.0    1     60     39    0    0    0   4.38 
20:49:52   0.0   0.0   0.1  99.9   0.0    1     88     82    0    0    0   4.38 
20:49:53   0.0   0.0   0.0 100.0   0.0    1     60     43    0    0    0   4.15 
20:49:54   0.0   0.0   0.0 100.0   0.0    1    108     78    0    0    0   4.15 
20:49:55   0.0   0.0   0.0 100.0   0.0    1     60     39    0    0    0   4.03 
20:49:56   0.0   0.0   0.1  99.9   0.0    1     96     88    0    0    0   4.03 
20:49:57   0.0   0.0   0.0 100.0   0.0    1     52     37    0    0    0   4.22 
20:49:58   0.0   0.0   0.1  99.9   0.0    1     98     79    0    0    0   4.22 
20:49:59   0.0   0.0   0.0 100.0   0.0    1     54     38    0    0    0   4.03 
20:50:00   0.0   0.0   0.1  99.9   0.0    1     96     87    0    0    0   4.03 
20:50:01   0.0   0.0   0.0 100.0   0.0    1     58     37    0    0    0   4.02 
20:50:02   0.0   0.0   0.0 100.0   0.0    1    106     75    0    0    0   4.02 
20:50:03   0.0   0.0   0.0 100.0   0.0    1     68     43    0    0    0   4.15 
20:50:04   0.0   0.0   0.1  99.9   0.0    1     88     74    0    0    0   4.15 
20:50:05   0.0   0.0   0.0 100.0   0.0    1     62     34    0    0    0   4.30 
20:50:06   0.0   0.0   0.0 100.0   0.0    1    108     79    0    0    0   4.30 
20:50:07   0.0   0.0   0.0 100.0   0.0    1     60     39    0    0    0   4.13 
20:50:08   0.0   0.0   0.1  99.9   0.0    1    110     85    0    0    0   4.13 
20:50:09   0.0   0.0   0.0 100.0   0.0    1     56     37    0    0    0   4.24 
20:50:10   0.0   0.0   0.0 100.0   0.0    1    108     79    0    0    0   4.24 
20:50:11   0.0   0.0   0.0 100.0   0.0    1     60     39    0    0    0   4.51 
20:50:12   0.0   0.0   0.1  99.9   0.0    1     96     94    0    0    0   4.51 
20:50:13   0.0   0.0   0.0 100.0   0.0    1     60     44    0    0    0   4.44 
20:50:14   0.0   0.0   0.1  99.9   0.0    1    108     78    0    0    0   4.44 
20:50:15   0.0   0.0   0.0 100.0   0.0    1     58     38    0    0    0   4.04 
20:50:16   0.0   0.0   0.1  99.9   0.0    1     90     84    0    0    0   4.04 
20:50:17   0.0   0.0   0.0 100.0   0.0    1     58     33    0    0    0   4.53 
20:50:18   0.0   0.0   0.0 100.0   0.0    1    111     82    0    0    0   4.53 
20:50:19   0.0   0.0   0.0 100.0   0.0    1     60     39    0    0    0   4.24 
20:50:20   0.0   0.0   0.1  99.9   0.0    1     96     79    0    0    0   4.24 
20:50:21   0.0   0.0   0.0 100.0   0.0    1     58     37    0    0    0   4.03 
20:50:22   0.0   0.0   0.0 100.0   0.0    1    108     79    0    0    0   4.03 
20:50:23   0.0   0.0   0.0 100.0   0.0    1     62     39    0    0    0   4.54 
20:50:24   0.0   0.0   0.1  99.9   0.0    1     94     91    0    0    0   4.54 
20:50:25   0.0   0.0   0.0 100.0   0.0    1     58     38    0    0    0   4.24 
20:50:26   0.0   0.0   0.1  99.9   0.0    1    108     77    0    0    0   4.24 
20:50:27   0.0   0.0   0.0 100.0   0.0    1     68     46    0    0    0   4.03 
20:50:28   0.1   0.0   0.1  99.9   0.0    1    113    121    0    0    0   4.03 
20:50:29   0.0   0.0   0.0 100.0   0.0    1     74     50    0    0    0   4.17 
20:50:30   0.0   0.0   0.1  99.9   0.0    1    113     93    0    0    0   4.17 
20:50:31   0.0   0.0   0.0 100.0   0.0    1     73     51    0    0    0   4.06 
20:50:32   0.0   0.0   0.6  99.4   0.0    1  18038    134    0    0    0   4.06 
20:50:33   0.0   0.0   0.0 100.0   0.0    1     67     41    0    0    0   5.80 
20:50:34   0.0   0.0   0.0 100.0   0.0    1     98     76    0    0    0   5.80 
20:50:35   0.0   0.0   0.0 100.0   0.0    1     55     42    0    0    0   4.15 
20:50:36   0.0   0.0   0.1  99.9   0.0    1    102    107    0    0    0   4.15 
20:50:37   0.0   0.0   0.0 100.0   0.0    1     58     52    0    0    0   4.29 
20:50:38   0.0   0.0   0.1  99.9   0.0    1    108     81    0    0    0   4.29 
20:50:39   0.0   0.0   0.0 100.0   0.0    1     61     38    0    0    0   4.08 
20:50:40   0.0   0.0   0.1  99.9   0.0    1    101     87    0    0    0   4.08 
20:50:41   0.0   0.0   0.0 100.0   0.0    1     68     52    0    0    0   4.14 
20:50:42   0.0   0.0   0.1  99.9   0.0    1    106     82    0    0    0   4.14 
20:50:43   0.0   0.0   0.0 100.0   0.0    1     70     39    0    0    0   4.01 
20:50:44   0.0   0.0   0.0 100.0   0.0    1    100     76    0    0    0   4.01 
20:50:45   0.0   0.0   0.0 100.0   0.0    1     58     36    0    0    0   4.14 
20:50:46   0.0   0.0   0.1  99.9   0.0    1    108     82    0    0    0   4.14 
20:50:47   0.0   0.0   0.0 100.0   0.0    1     62     38    0    0    0   4.05 
20:50:48   0.0   0.0   0.0 100.0   0.0    1    106     87    0    0    0   4.05 
20:50:49   0.0   0.0   0.0 100.0   0.0    1     58     37    0    0    0   4.00 
20:50:50   0.0   0.0   0.1  99.9   0.0    1    126     84    0    0    0   4.00 
20:50:51   0.0   0.0   0.0 100.0   0.0    1     62     39    0    0    0   4.17 
  Time    User  Nice   Sys  Idle    IO  Run Ctxt/s  IRQ/s Fork Exec Exit  Watts
20:50:52   0.0   0.0   0.1  99.9   0.0    1     96     77    0    0    0   4.17 
20:50:53   0.0   0.0   0.0 100.0   0.0    1     50     34    0    0    0   4.14 
20:50:54   0.0   0.0   0.1  99.9   0.0    1     95     76    0    0    0   4.14 
20:50:55   0.0   0.0   0.0 100.0   0.0    1     44     37    0    0    0   3.97 
20:50:56   0.0   0.0   0.1  99.9   0.0    1     85     89    0    0    0   3.97 
20:50:57   0.0   0.0   0.0 100.0   0.0    1     63     49    0    0    0   4.23 
20:50:58   0.0   0.0   0.0 100.0   0.0    1     95     77    0    0    0   4.23 
20:50:59   0.0   0.0   0.0 100.0   0.0    1     45     38    0    0    0   3.99 
20:51:00   0.0   0.0   0.1  99.9   0.0    1     84     83    0    0    0   3.99 
20:51:01   0.0   0.0   0.0 100.0   0.0    1     45     33    0    0    0   3.98 
20:51:02   0.0   0.0   0.1  99.9   0.0    1     93     76    0    0    0   3.98 
20:51:03   0.0   0.0   0.0 100.0   0.0    1     49     41    0    0    0   4.11 
20:51:04   0.0   0.0   0.1  99.9   0.0    1     81     80    0    0    0   4.11 
20:51:05   0.0   0.0   0.0 100.0   0.0    1     51     40    0    0    0   4.19 
20:51:06   0.0   0.0   0.0 100.0   0.0    1    106     81    0    0    0   4.19 
20:51:07   0.0   0.0   0.0 100.0   0.0    1     64     41    0    0    0   4.10 
20:51:08   0.0   0.0   0.1  99.9   0.0    1     83     89    0    0    0   4.10 
20:51:09   0.0   0.0   0.0 100.0   0.0    1     43     36    0    0    0   4.14 
20:51:10   0.0   0.0   0.1  99.9   0.0    1     97     80    0    0    0   4.14 
20:51:11   0.0   0.0   0.0 100.0   0.0    1     59     43    0    0    0   3.99 
20:51:12   0.0   0.0   0.1  99.9   0.1    1    111    105    0    0    0   3.99 
20:51:13   0.0   0.0   0.0 100.0   0.0    1     48     35    0    0    0   4.13 
20:51:14   0.0   0.0   0.1  99.9   0.0    1     93     76    0    0    0   4.13 
20:51:15   0.0   0.0   0.0 100.0   0.0    1     45     33    0    0    0   4.00 
20:51:16   0.0   0.0   0.1  99.9   0.0    1     93     81    0    0    0   4.00 
20:51:17   0.0   0.0   0.0 100.0   0.0    1     51     31    0    0    0   4.01 
20:51:18   0.0   0.0   0.1  99.9   0.0    1    111     79    0    0    0   4.01 
20:51:19   0.0   0.0   0.0 100.0   0.0    1     59     37    0    0    0   4.08 
20:51:20   0.0   0.0   0.1  99.9   0.0    1     94     81    0    0    0   4.08 
20:51:21   0.0   0.0   0.6  99.4   0.0    1  17452     72    0    0    0   4.18 
20:51:22   0.0   0.0   0.1  99.9   0.0    1     99     77    0    0    0   4.18 
20:51:23   0.0   0.0   0.0 100.0   0.0    1     65     48    0    0    0   4.21 
20:51:24   0.0   0.0   0.1  99.9   0.0    1     81     80    0    0    0   4.21 
20:51:25   0.0   0.0   0.0 100.0   0.0    1     42     31    0    0    0   4.31 
20:51:26   0.0   0.0   0.1  99.9   0.0    1    107     75    0    0    0   4.31 
20:51:27   0.0   0.0   0.0 100.0   0.0    1     59     40    0    0    0   4.21 
20:51:28   0.0   0.0   0.1  99.9   0.0    1    106    110    0    0    0   4.21 
20:51:29   0.0   0.0   0.0 100.0   0.0    1     50     35    0    0    0   4.28 
20:51:30   0.0   0.0   0.1  99.9   0.0    1    111     79    0    0    0   4.28 
20:51:31   0.0   0.0   0.1  99.9   0.0    1     57     36    0    0    0   4.05 
20:51:32   0.0   0.0   0.0 100.0   0.0    1     95     78    0    0    0   4.05 
20:51:33   0.0   0.0   0.1  99.9   0.0    1     84     46    0    0    0   4.01 
20:51:34   0.0   0.0   0.1  99.9   0.0    1    110     84    0    0    0   4.01 
20:51:35   0.0   0.0   0.0 100.0   0.0    1     57     37    0    0    0   4.41 
20:51:36   0.0   0.0   0.1  99.9   0.0    1    100     80    0    0    0   4.41 
20:51:37   0.0   0.0   0.0 100.0   0.0    1     58     33    0    0    0   4.01 
20:51:38   0.0   0.0   0.0 100.0   0.0    1    110     71    0    0    0   4.01 
20:51:39   0.0   0.0   0.0 100.0   0.0    1     60     37    0    0    0   4.03 
20:51:40   0.0   0.0   0.1  99.9   0.0    1     96     77    0    0    0   4.03 
20:51:41   0.0   0.0   0.0 100.0   0.0    1     50     37    0    0    0   4.31 
20:51:42   0.0   0.0   0.1  99.9   0.0    1    120     80    0    0    0   4.31 
20:51:43   0.0   0.0   0.0 100.0   0.0    1     56     40    0    0    0   3.97 
20:51:44   0.0   0.0   0.0 100.0   0.0    1    100     90    0    0    0   3.97 
20:51:45   0.0   0.0   0.0 100.0   0.0    1     60     38    0    0    0   4.14 
20:51:46   0.0   0.0   0.1  99.9   0.0    1    110     79    0    0    0   4.14 
20:51:47   0.0   0.0   0.0 100.0   0.0    1     59     39    0    0    0   4.00 
20:51:48   0.0   0.0   0.1  99.9   0.0    1     87     85    0    0    0   4.00 
20:51:49   0.0   0.0   0.0 100.0   0.0    1     50     34    0    0    0   4.00 
20:51:50   0.0   0.0   0.1  99.9   0.0    1    114     87    0    0    0   4.00 
20:51:51   0.0   0.0   0.0 100.0   0.0    1     66     45    0    0    0   4.17 
20:51:52   0.0   0.0   0.1  99.9   0.0    1    108     90    0    0    0   4.17 
20:51:53   0.0   0.0   0.0 100.0   0.0    1     66     45    0    0    0   4.33 
20:51:54   0.0   0.0   0.1  99.9   0.0    1    127     84    0    0    0   4.33 
20:51:55   0.0   0.0   0.0 100.0   0.0    1     69     51    0    0    0   4.10 
20:51:56   0.0   0.0   0.1  99.9   0.0    1     99     77    0    0    0   4.10 
20:51:57   0.0   0.0   0.1  99.9   0.0    1     57     33    0    0    0   4.28 
20:51:58   0.0   0.0   0.0 100.0   0.0    1    110     83    0    0    0   4.28 
20:51:59   0.0   0.0   0.0 100.0   0.0    1     62     39    0    0    0   4.62 
20:52:00   0.0   0.0   0.1  99.9   0.0    1     94     80    0    0    0   4.62 
20:52:01   0.0   0.0   0.0 100.0   0.0    1     58     32    0    0    0   4.10 
20:52:02   0.0   0.0   0.1  99.9   0.0    1    110     73    0    0    0   4.10 
20:52:03   0.0   0.0   0.0 100.0   0.0    1     62     39    0    0    0   4.00 
20:52:04   0.1   0.0   0.1  99.9   0.0    1     99     82    0    0    0   4.00 
  Time    User  Nice   Sys  Idle    IO  Run Ctxt/s  IRQ/s Fork Exec Exit  Watts
20:52:05   0.0   0.0   0.0 100.0   0.0    1     58     37    0    0    0   4.22 
20:52:06   0.0   0.0   0.1  99.9   0.0    1    106     77    0    0    0   4.22 
20:52:07   0.0   0.0   0.0 100.0   0.0    1     59     36    0    0    0   4.10 
20:52:08   0.0   0.0   0.1  99.9   0.0    1     99     80    0    0    0   4.10 
20:52:09   0.0   0.0   0.0 100.0   0.0    1     57     32    0    0    0   4.27 
20:52:10   0.0   0.0   0.1  99.9   0.0    1    106     72    0    0    0   4.27 
20:52:11   0.0   0.0   0.6  99.4   0.0    1  22805     78    0    0    0   4.01 
20:52:12   0.0   0.0   0.1  99.9   0.0    1     90     84    0    0    0   4.01 
20:52:13   0.0   0.0   0.0 100.0   0.0    1     59     37    0    0    0   4.21 
20:52:14   0.0   0.0   0.1  99.9   0.0    1    415    219   16    8   16   4.21 
20:52:15   0.0   0.0   0.0 100.0   0.0    1     68     43    0    0    0   4.79 
20:52:16   0.0   0.0   0.1  99.9   0.0    1    101     83    0    0    0   4.79 
20:52:17   0.0   0.0   0.0 100.0   0.0    1     58     35    0    0    0   4.27 
20:52:18   0.0   0.0   0.1  99.9   0.0    1    102     76    0    0    0   4.27 
20:52:19   0.0   0.0   0.1  99.9   0.0    1     56     39    0    0    0   4.03 
20:52:20   0.0   0.0   0.0 100.0   0.0    1     95     75    0    0    0   4.03 
20:52:21   0.0   0.0   0.0 100.0   0.0    1     54     35    0    0    0   4.15 
20:52:22   0.0   0.0   0.1  99.9   0.0    1    130     89    0    0    0   4.15 
20:52:23   0.0   0.0   0.0 100.0   0.0    1     61     37    0    0    0   3.97 
20:52:24   0.0   0.0   0.1  99.9   0.0    1    108     90    0    0    0   3.97 
20:52:25   0.0   0.0   0.1  99.9   0.0    1     53     36    0    0    0   4.01 
20:52:26   0.0   0.0   0.0 100.0   0.0    1    106     77    0    0    0   4.01 
20:52:27   0.0   0.0   0.0 100.0   0.0    1     59     38    0    0    0   4.35 
20:52:28   0.0   0.0   0.1  99.9   0.0    1    117    120    0    0    0   4.35 
20:52:29   0.0   0.0   0.0 100.0   0.0    1     52     33    0    0    0   4.31 
20:52:30   0.1   0.0   0.1  99.9   0.0    1    114     84    0    0    0   4.31 
20:52:31   0.0   0.0   0.1  99.9   0.0    1     62     41    0    0    0   4.05 
20:52:32   0.0   0.0   0.0 100.0   0.0    1     94     77    0    0    0   4.05 
20:52:33   0.0   0.0   0.1  99.9   0.0    1     58     34    0    0    0   3.97 
20:52:34   0.0   0.0   0.0 100.0   0.0    1    111     75    0    0    0   3.97 
20:52:35   0.0   0.0   0.1  99.9   0.0    1     58     38    0    0    0   4.15 
20:52:36   0.0   0.0   0.0 100.0   0.0    1     95     77    0    0    0   4.15 
20:52:37   0.0   0.0   0.0 100.0   0.0    1     71     42    0    0    0   3.99 
20:52:38   0.0   0.0   0.1  99.9   0.0    1    108     73    0    0    0   3.99 
20:52:39   0.0   0.0   0.0 100.0   0.0    1     57     38    0    0    0   4.33 
20:52:40   0.0   0.0   0.1  99.9   0.0    1     96     84    0    0    0   4.33 
20:52:41   0.0   0.0   0.0 100.0   0.0    1     55     39    0    0    0   4.22 
20:52:42   0.0   0.0   0.1  99.9   0.0    1    105     77    0    0    0   4.22 
20:52:43   0.0   0.0   0.0 100.0   0.0    1     53     33    0    0    0   3.97 
20:52:44   0.0   0.0   0.1  99.9   0.0    1    102     87    0    0    0   3.97 
20:52:45   0.0   0.0   0.0 100.0   0.0    1     56     36    0    0    0   4.16 
20:52:46   0.0   0.0   0.1  99.9   0.0    1    108     77    0    0    0   4.16 
20:52:47   0.0   0.0   0.1  99.9   0.0    1     59     38    0    0    0   4.37 
20:52:48   0.0   0.0   0.1  99.9   0.0    1     89     72    0    0    0   4.37 
20:52:49   0.0   0.0   0.1  99.9   0.0    1     63     49    0    0    0   3.97 
20:52:50   0.0   0.0   0.0 100.0   0.0    1    119    125    0    0    2   3.97 
20:52:51   0.0   0.0   0.0 100.0   0.0    1     65     39    0    0    0   4.10 
20:52:52   0.0   0.0   0.1  99.9   0.0    1     89     66    0    0    0   4.10 
20:52:53   0.0   0.0   0.1  99.9   0.1    1     88     76    0    0    0   4.01 
20:52:54   0.0   0.0   0.0 100.0   0.0    1    112     77    0    0    0   4.01 
20:52:55   0.0   0.0   0.0 100.0   0.0    1     56     34    0    0    0   3.97 
20:52:56   0.0   0.0   0.0 100.0   0.0    1     88     63    0    0    0   3.97 
20:52:57   0.0   0.0   0.0 100.0   0.0    1     61     47    0    0    0   4.14 
20:52:58   0.0   0.0   0.1  99.9   0.0    1    129     80    0    0    0   4.14 
20:52:59   0.0   0.0   0.0 100.0   0.0    1     61     37    0    0    0   4.09 
20:53:00   0.0   0.0   0.1  99.9   0.0    1     84     57    0    0    0   4.09 
20:53:01   0.0   0.0   0.0 100.0   0.0    1     85     64    0    0    0   4.26 
20:53:02   0.0   0.0   0.7  99.3   0.0    1  14534    144    0    0    0   4.26 
20:53:03   0.0   0.0   0.0 100.0   0.0    1     64     38    0    0    0   4.04 
20:53:04   0.0   0.0   0.1  99.9   0.0    1     83     58    0    0    0   4.04 
20:53:05   0.0   0.0   0.0 100.0   0.0    1     70     57    0    0    0   4.00 
20:53:06   0.0   0.0   0.0 100.0   0.0    1    109     76    0    0    0   4.00 
20:53:07   0.0   0.0   0.1  99.9   0.0    1     53     35    0    0    0   4.34 
20:53:08   0.0   0.0   0.1  99.9   0.0    1     78     60    0    0    0   4.34 
20:53:09   0.0   0.0   0.0 100.0   0.0    1     71     56    0    0    0   3.99 
20:53:10   0.0   0.0   0.0 100.0   0.0    1    109     72    0    0    0   3.99 
20:53:11   0.0   0.0   0.0 100.0   0.0    1     59     36    0    0    0   4.02 
20:53:12   0.0   0.0   0.1  99.9   0.0    1     77     56    0    0    0   4.02 
20:53:13   0.0   0.0   0.0 100.0   0.0    1     77     63    0    0    0   4.09 
20:53:14   0.0   0.0   0.0 100.0   0.0    1    111     79    0    0    0   4.09 
20:53:15   0.0   0.0   0.0 100.0   0.0    1     66     46    0    0    0   4.05 
20:53:16   0.0   0.0   0.1  99.9   0.0    1    113    127    0    0    1   4.05 
20:53:17   0.0   0.0   0.0 100.0   0.0    1     69     64    0    0    0   4.00 
  Time    User  Nice   Sys  Idle    IO  Run Ctxt/s  IRQ/s Fork Exec Exit  Watts
20:53:18   0.0   0.0   0.0 100.0   0.0    1    105     85    0    0    0   4.00 
20:53:19   0.0   0.0   0.1  99.9   0.0    1     79     46    1    0    0   4.09 
20:53:20   0.0   0.0   0.0 100.0   0.0    1     65     54    0    0    0   4.09 
20:53:21   0.0   0.0   0.0 100.0   0.0    1     64     59    0    0    0   3.98 
20:53:22   0.0   0.0   0.0 100.0   0.0    1     95     86    0    0    0   3.98 
20:53:23   0.0   0.0   0.1  99.9   0.0    1     59     43    0    0    0   4.28 
20:53:24   0.0   0.0   0.1  99.9   0.0    1     71     66    0    0    0   4.28 
20:53:25   0.0   0.0   0.0 100.0   0.0    1     67     60    0    0    0   4.25 
20:53:26   0.0   0.0   0.1  99.9   0.0    1    100     81    0    0    0   4.25 
20:53:27   0.0   0.0   0.0 100.0   0.0    1     52     39    0    0    0   4.10 
20:53:28   0.0   0.0   0.1  99.9   0.0    1     83     90    0    0    0   4.10 
20:53:29   0.0   0.0   0.0 100.0   0.0    1     74     53    0    0    0   4.50 
20:53:30   0.0   0.0   0.0 100.0   0.0    1    111     80    0    0    0   4.50 
20:53:31   0.0   0.0   0.0 100.0   0.0    1     58     37    0    0    0   4.05 
20:53:32   0.0   0.0   0.0 100.0   0.0    1     76     63    0    0    0   4.05 
20:53:33   0.0   0.0   0.1  99.9   0.0    1     75     59    0    0    0   3.99 
20:53:34   0.0   0.0   0.1  99.9   0.0    1    108     75    0    0    0   3.99 
20:53:35   0.0   0.0   0.0 100.0   0.0    1     58     36    0    0    0   4.09 
20:53:36   0.0   0.0   0.1  99.9   0.0    1     76     54    0    0    0   4.09 
20:53:37   0.0   0.0   0.0 100.0   0.0    1     75     56    0    0    0   3.96 
20:53:38   0.0   0.0   0.1  99.9   0.0    1    106     82    0    0    0   3.96 
20:53:39   0.0   0.0   0.0 100.0   0.0    1     59     39    0    0    0   4.28 
20:53:40   0.0   0.0   0.1  99.9   0.0    1     76     59    0    0    0   4.28 
20:53:41   0.0   0.0   0.1  99.9   0.0    1     93     64    0    0    0   4.22 
20:53:42   0.0   0.0   0.1  99.9   0.0    1    108     75    0    0    0   4.22 
20:53:43   0.0   0.0   0.0 100.0   0.0    1     59     39    0    0    0   4.09 
20:53:44   0.0   0.0   0.1  99.9   0.0    1     74     55    0    0    0   4.09 
20:53:45   0.0   0.0   0.0 100.0   0.0    1     75     61    0    0    0   4.36 
20:53:46   0.0   0.0   0.1  99.9   0.0    1    105     76    0    0    0   4.36 
20:53:47   0.0   0.0   0.0 100.0   0.0    1     61     45    0    0    0   3.99 
20:53:48   0.0   0.0   0.1  99.9   0.0    1     76     55    0    0    0   3.99 
20:53:49   0.0   0.0   0.0 100.0   0.0    1     71     61    0    0    0   4.01 
20:53:50   0.0   0.0   0.1  99.9   0.0    1    107     91    0    0    0   4.01 
20:53:51   0.0   0.0   0.6  99.4   0.0    1  16532     76    0    0    0   4.47 
20:53:52   0.0   0.0   0.1  99.9   0.0    1     63     54    0    0    0   4.47 
20:53:53   0.0   0.0   0.0 100.0   0.0    1     67     64    0    0    0   4.01 
20:53:54   0.0   0.0   0.1  99.9   0.0    1    103     79    0    0    0   4.01 
20:53:55   0.0   0.0   0.0 100.0   0.0    1     49     53    0    0    0   4.02 
20:53:56   0.0   0.0   0.1  99.9   0.0    1     60     50    0    0    0   4.02 
20:53:57   0.0   0.0   0.0 100.0   0.0    1     61     63    0    0    0   4.37 
20:53:58   0.0   0.0   0.1  99.9   0.0    1     95     79    0    0    0   4.37 
20:53:59   0.0   0.0   0.0 100.0   0.0    1     46     42    0    0    0   3.99 
20:54:00   0.0   0.0   0.1  99.9   0.0    1     65     67    0    0    0   3.99 
20:54:01   0.0   0.0   0.0 100.0   0.0    1     65     63    0    0    0   4.45 
20:54:02   0.0   0.0   0.1  99.9   0.0    1    130     94    0    0    0   4.45 
20:54:03   0.0   0.0   0.0 100.0   0.0    1     55     52    0    0    0   4.07 
20:54:04   0.0   0.0   0.1  99.9   0.0    1     69     62    0    0    0   4.07 
20:54:05   0.0   0.0   0.0 100.0   0.0    1     65     61    0    0    0   4.36 
20:54:06   0.0   0.0   0.1  99.9   0.0    1     95     82    0    0    0   4.36 
20:54:07   0.0   0.0   0.0 100.0   0.0    1     51     37    0    0    0   4.16 
20:54:08   0.0   0.0   0.1  99.9   0.0    1     58     52    0    0    0   4.16 
20:54:09   0.0   0.0   0.1  99.9   0.0    1     70     64    0    0    0   3.99 
20:54:10   0.0   0.0   0.0 100.0   0.0    1    105     75    0    0    0   3.99 
20:54:11   0.0   0.0   0.0 100.0   0.0    1     60     41    0    0    0   3.97 
20:54:12   0.0   0.0   0.1  99.9   0.0    1     75     55    0    0    0   3.97 
20:54:13   0.0   0.0   0.0 100.0   0.0    1     76     61    0    0    0   4.25 
20:54:14   0.0   0.0   0.1  99.9   0.0    1    107     83    0    0    0   4.25 
20:54:15   0.0   0.0   0.0 100.0   0.0    1     60     38    0    0    0   4.09 
20:54:16   0.0   0.0   0.0 100.0   0.0    1     75     54    0    0    0   4.09 
20:54:17   0.0   0.0   0.1  99.9   0.0    1     76     60    0    0    0   4.09 
20:54:18   0.0   0.0   0.1  99.9   0.0    1    103     78    0    0    0   4.09 
20:54:19   0.0   0.0   0.0 100.0   0.0    1     62     41    0    0    0   4.04 
20:54:20   0.0   0.0   0.1  99.9   0.0    1     70     53    0    0    0   4.04 
20:54:21   0.0   0.0   0.0 100.0   0.0    1     75     60    0    0    0   4.17 
20:54:22   0.0   0.0   0.1  99.9   0.0    1    106     71    0    0    0   4.17 
20:54:23   0.0   0.0   0.0 100.0   0.0    1     78     49    0    0    0   4.20 
20:54:24   0.0   0.0   0.0 100.0   0.0    1     75     54    0    0    0   4.20 
20:54:25   0.0   0.0   0.1  99.9   0.0    1     80     61    0    0    0   4.14 
20:54:26   0.0   0.0   0.1  99.9   0.0    1    105     82    0    0    0   4.14 
20:54:27   0.0   0.0   0.0 100.0   0.0    1     61     42    0    0    0   4.27 
20:54:28   0.0   0.0   0.0 100.0   0.0    1     92     93    0    0    0   4.27 
20:54:29   0.0   0.0   0.1  99.9   0.0    1     75     62    0    0    0   4.34 
20:54:30   0.0   0.0   0.0 100.0   0.0    1    121     88    0    0    0   4.34 
  Time    User  Nice   Sys  Idle    IO  Run Ctxt/s  IRQ/s Fork Exec Exit  Watts
20:54:31   0.0   0.0   0.0 100.0   0.0    1     67     44    0    0    0   4.05 
20:54:32   0.0   0.0   0.1  99.9   0.0    1     70     64    0    0    0   4.05 
20:54:33   0.0   0.0   0.0  99.9   0.1    1     97     80    0    0    0   4.87 
20:54:34   0.0   0.0   0.0 100.0   0.0    1    105     77    0    0    0   4.87 
20:54:35   0.0   0.0   0.0 100.0   0.0    1     65     37    0    0    0   4.05 
20:54:36   0.0   0.0   0.0 100.0   0.0    1     82     60    0    0    0   4.05 
20:54:37   0.0   0.0   0.1  99.9   0.0    1     81     69    0    0    0   4.02 
20:54:38   0.0   0.0   0.0 100.0   0.0    1    112     84    0    0    0   4.02 
20:54:39   0.0   0.0   0.0 100.0   0.0    1     71     54    0    0    0   4.24 
20:54:40   0.0   0.0   0.1  99.9   0.0    1     85     61    0    0    0   4.24 
20:54:41   0.0   0.0   0.6  99.4   0.0    1  17771    103    0    0    0   4.41 
20:54:42   0.0   0.0   0.1  99.9   0.0    1    107     76    0    0    0   4.41 
20:54:43   0.0   0.0   0.0 100.0   0.0    1     64     44    0    0    0   4.02 
20:54:44   0.0   0.0   0.1  99.9   0.0    1     81     64    0    0    0   4.02 
20:54:45   0.1   0.0   0.0  99.9   0.0    1     69     59    0    0    0   4.20 
20:54:46   0.0   0.0   0.1  99.9   0.0    1    101     78    0    0    0   4.20 
20:54:47   0.0   0.0   0.0 100.0   0.0    1     58     37    0    0    0   4.00 
20:54:48   0.0   0.0   0.1  99.9   0.0    1     75     55    0    0    0   4.00 
20:54:49   0.0   0.0   0.1  99.9   0.0    1     75     61    0    0    0   4.29 
20:54:50   0.0   0.0   0.0 100.0   0.0    1    103     80    0    0    0   4.29 
20:54:51   0.0   0.0   0.0 100.0   0.0    1     61     42    0    0    0   4.19 
20:54:52   0.0   0.0   0.1  99.9   0.0    1     76     55    0    0    0   4.19 
20:54:53   0.0   0.0   0.0 100.0   0.0    1     75     69    0    0    0   4.00 
20:54:54   0.0   0.0   0.1  99.9   0.0    1    107     81    0    0    0   4.00 
20:54:55   0.0   0.0   0.0 100.0   0.0    1     61     41    0    0    0   4.00 
20:54:56   0.0   0.0   0.1  99.9   0.0    1     72     55    0    0    0   4.00 
20:54:57   0.0   0.0   0.0 100.0   0.0    1     65     59    0    0    0   4.51 
20:54:58   0.0   0.0   0.1  99.9   0.0    1    106     81    0    0    0   4.51 
20:54:59   0.0   0.0   0.1  99.9   0.0    1     53     37    0    0    0   4.15 
20:55:00   0.0   0.0   0.1  99.9   0.0    1     91     66    0    0    0   4.15 
20:55:01   0.0   0.0   0.0 100.0   0.0    1     75     61    0    0    0   4.30 
20:55:02   0.0   0.0   0.1  99.9   0.0    1    105     82    0    0    0   4.30 
20:55:03   0.0   0.0   0.0 100.0   0.0    1     65     43    0    0    0   3.96 
20:55:04   0.0   0.0   0.1  99.9   0.0    1     83     67    0    0    0   3.96 
20:55:05   0.0   0.0   0.0 100.0   0.0    1     79     72    0    0    0   3.99 
20:55:06   0.0   0.0   0.0 100.0   0.0    1    121     79    0    0    0   3.99 
20:55:07   0.0   0.0   0.0 100.0   0.0    1     63     42    0    0    0   4.25 
20:55:08   0.0   0.0   0.1  99.9   0.0    1     75     58    0    0    0   4.25 
20:55:09   0.0   0.0   0.1  99.9   0.0    1     69     59    0    0    0   4.20 
20:55:10   0.0   0.0   0.0 100.0   0.0    1    109     82    0    0    0   4.20 
20:55:11   0.0   0.0   0.1  99.9   0.0    1     65     46    0    0    0   4.19 
20:55:12   0.0   0.0   0.0 100.0   0.0    1     75     56    0    0    0   4.19 
-------- ----- ----- ----- ----- ----- ---- ------ ------ ---- ---- ---- ------ 
 Average   0.0   0.0   0.0 100.0   0.0  1.0  468.4   63.6  0.0  0.0  0.1   4.29 
 GeoMean   0.0   0.0   0.0 100.0   0.0  1.0   86.4   58.7  0.0  0.0  0.0   4.26 
  StdDev   0.0   0.0   0.1   0.1   0.0  0.0 2955.6   31.6  0.7  0.4  1.2   0.55 
-------- ----- ----- ----- ----- ----- ---- ------ ------ ---- ---- ---- ------ 
 Minimum   0.0   0.0   0.0  98.7   0.0  1.0   42.0   30.0  0.0  0.0  0.0   3.94 
 Maximum   0.1   0.0   1.3 100.0   0.1  1.0 39213.0  519.0 16.0  8.0 22.0   6.49 
-------- ----- ----- ----- ----- ----- ---- ------ ------ ---- ---- ---- ------ 
Summary:
System:   4.29 Watts on average with standard deviation 0.55  

C-State    Resident      Count Latency 
C10         99.888%      33694     230
C8           0.003%        292     200
C6           0.006%        407     170
C1E          0.018%       2134       2
POLL         0.000%         31       0
C0           0.086%

Histogram (of 480 power measurements)

Range (Watts) Count
3.936 - 4.190   306 ########################################
4.191 - 4.445   116 ###############
4.446 - 4.700    18 ##
4.701 - 4.955     4 
4.956 - 5.210     2 
5.211 - 5.465     2 
5.466 - 5.720     0 
5.721 - 5.975     2 
5.976 - 6.230    16 ##
6.231 - 6.486    14 #

Histogram (of 480 CPU utilization measurements)

Range (%CPU)  Count
0.000 - 0.124   468 ########################################
0.125 - 0.249     3 
0.250 - 0.375     0 
0.376 - 0.500     0 
0.501 - 0.625     6 
0.626 - 0.750     2 
0.751 - 0.876     0 
0.877 - 1.001     0 
1.002 - 1.126     0 
1.127 - 1.251     1 
